6.46    20
6.50    21
8.18    22
8.24    23
9.95    24
9.98    25
11.76   26
13.25   28
15.32   30
18.96   34
26.33   42
33.41   50
40.82   58
48.51   66
55.98   74
59.71   78
65.26   82
72.64   86
80.12   90
87.24   94
94.91   98
102.29  102
109.69  106
117.09  110
124.44  114
131.69  118
139.11  122
146.47  126
153.73  130
161.00  134
167.97  138
175.42  142
182.46  146
189.63  150
197.11  154
204.33  158
211.41  162
218.54  166
225.74  170
232.85  174
240.80  178
249.70  182
260.23  186
267.27  189
277.69  193
286.36  196
293.10  199
303.71  203
312.29  206
318.96  209
329.45  213
337.94  216
344.82  219
353.21  222
363.37  226
370.15  229
378.40  232
388.40  236
394.87  239
403.00  242
413.24  246
419.82  249
428.01  252
432.72  255
